23 10  9  9 23 ** 13  6 17 10 20  2 19 17 12
1  ** 17 ** 13 **  6 ** 12 ** 26 ** ** ** 10
12 10 25  9 17 25 10 12  2 ** 10  9 24 10 26
20 ** 6  ** 23 ** 20 ** 10 ** 12 ** 22 **  3
 9 19  2 10 23  2 ** 16 26 19 18 10 12  9 22
 7 ** ** **  7 ** 13 **  2 ** 22 ** 19 ** **
 8 19 20 10 26 **  6 19  8  4 ** 23 11  1 25
10 ** 17 ** 23 ** 17 ** 17 ** 16 ** 17 ** 19
26 19 26 10 ** 23 13 19 12 ** 10 21 13 10  9
** ** 10 ** 13 **  4 ** 10 ** 14 ** ** **  9
 5 19 11 16  7 26 10 10 **  2  1 12 24 26 19
 1 ** 19 ** 26 ** 12 **  2 ** 10 ** 26 ** 12
 9  1 12 19 26 ** 15 26 10  3 19  9 10 12  2
10 ** ** ** 19 **  7 ** 12 **  2 ** 19 ** 26
15 19 26 15  9 10 21 10 24 **  6 19 11 11 22
